580
1142
МОЛОЧНОЕ
33
2433
446
БАКАЛЕЯ
33
274
95
КОФЕ
36
3207
-507
ПОДГУЗНИКИ
595
1680
1019
МАСЛО РАСТИТЕЛЬНОЕ
33
1858
421
ХЛЕБ
33
-101
108
БЕЗ ГАЗА
196
2279
105
КАРТЫ ОПЛАТЫ
73
2631
-425
САЛФЕТКИ
595
436
463
SOFT DRINKS
35
142
90
ЧАЙ
36
617
323
СОКИ
35
1400
489
ШОКОЛАД
33
511
117
УЗБАТ
195
2909
-541
ПРОКЛАДКИ
595
1772
689
СНЭКИ
33
2045
541
ПОЛУФАБРИКАТЫ
33
1392
846
ВАРЕНЬЕ
37
960
1160
ОВОЩНЫЕ
37
-82
817
ПЕЧЕНЬЕ
176
3409
325
УХОД ЗА ЗУБАМИ
34
1374
1034
РЫБНЫЕ
37
2937
321
МОЮЩИЕ
34
3689
4
ДЛЯ ДОМА
34
1126
890
МЯСНЫЕ
37
2022
804
ЖВАЧКА
33
2349
602
СПЕЦИИ И ПРИПРАВЫ
33
1567
668
КОНФЕТЫ
33
3105
658
ДЛЯ БРИТЬЯ
34
3901
493
УХОД ЗА ВОЛОСАМИ
34
1084
180
ДЕТСКОЕ ПИТАНИЕ
33
3524
208
УХОД ЗА ОБУВЬЮ
34
648
800
МЯСО СВЕЖЕЕ
182
1420
52
ПРОДТОВАРЫ
73
3164
69
ПРОМТОВАРЫ
73
249
275
НАПИТКИ
33
195
57
ЧАЙ-КОФЕ
35
1167
942
КОНСЕРВЫ
33
-29
128
NESTLE
6
-35
88
KORZINKA
6
-136
-6
HYDROLIFE
6
-95
151
БАРАКА
6
-295
402
БОРЖОМИ
197
-277
439
КАРЛОВЫ ВАРЫ
197
-150
142
КАВСАР
6
487
508
SIBUR
9
516
465
KAVSAR
9
507
421
ULKER
9
-9
513
RED BULL
204
431
510
JILVA
9
508
275
TIP-TOP
11
572
377
BUKO
11
618
381
ФРУКТОВЫЙ САД
11
2401
487
МУКА
1
663
291
СОЧНАЯ ДОЛИНА
11
702
335
СТЕКЛО
11
2362
487
САХАР
1
2440
487
МАКАРОНЫ
1
2504
488
КАШИ
1
2543
488
СОЛЬ
1
2579
487
КРУПЫ
1
2309
488
ХЛОПЬЯ
1
2396
528
МАКФА
57
2443
528
СМАК
57
2482
527
МАКИЗ
57
1804
1124
ОЛЕЙНА
275
1704
1258
СЛОБОДА
280
1708
1191
ALTERO
280
1854
1154
IDEAL
275
1330
540
БАТОНЧИКИ
12
1399
539
ПЛИТКИ
12
1448
539
ПАСТА
12
1493
538
ДРАЖЕ
12
2281
-15
ВСЕ ТОВАРЫ
-1
409
107
KENT
13
431
143
VOGUE
13
478
162
PALL MALL
13
549
154
LUCKY STRIKE
13
400
65
WINSTON
13
640
132
VICEROY
13
602
57
CAMEL
13
472
40
LD
13
502
21
MEMPHIS
13
732
-26
SOBRANIE
282
562
24
PARLIAMENT
13
3277
323
ПАСТА
20
3419
465
ЩЕТКИ
20
3574
364
ЗУБОЧИСТКИ
20
3234
366
COLGATE
85
3287
365
PEPSODENT
85
3337
506
AQUAFRESH
86
3443
507
PEPSODENT
86
2664
283
МЫЛО
22
2692
351
ПОРОШКИ
22
2959
452
ПОСУДА
22
2987
357
СТИРКА
22
3032
357
ЧИСТКА
22
2623
392
ПЕРСИЛ
93
2672
391
ЛОСК
93
2706
391
МИФ
93
2736
391
ДЕНИ
93
2771
390
ПЕМОС
93
2586
393
ПРИЛ
93
2814
390
ARIEL
93
2546
393
SUPER
93
503
1116
МАСЛО
0
537
1181
МОЛОКО
0
597
1191
МОРОЖЕНОЕ
0
645
1153
СГУЩЕНКА
0
657
1107
МАРГАРИН
0
598
1059
СУХОЕ
0
1960
603
ЛАПША
16
2008
602
ПЕЛЬМЕНИ
16
2071
601
КУБИКИ
16
2118
601
КИСЕЛЬ
16
2165
601
СУПЫ
16
2203
600
ТЕСТО
16
1781
846
ЧУПА-ЧУПС
25
1847
846
ORBIT
25
1885
847
HUBBA-BUBBA
25
1963
848
MENTOS
25
2009
848
STARBURST
25
2075
846
TUNES
25
2116
845
RONDO
25
2161
846
SKITTLES
25
2213
845
TIC-TAC
25
2262
844
FRESH BALL
25
2329
844
MAMBA
25
2372
844
ECLIPSE
25
2419
844
CHEWIDENT
25
1795
772
БОМБАСТЕР
156
2485
843
KIDBOX
25
2245
645
ГОРЧИЦА
26
2301
644
МАЙОНЕЗ
26
2356
644
ДРОЖЖИ
26
2412
643
КЕТЧУП
26
2456
643
СОДА
26
2493
643
СОЕВЫЙ СОУС
26
2573
643
ТОМАТНАЯ ПАСТА
26
2667
644
УКСУС
26
2707
644
ХРЕН
26
207
3
КАКАО
36
2849
390
TIDE
93
3496
375
ПОРОШОК
20
2941
114
НАСЕКОМЫЕ
34
1874
44
БЕЗ КАТЕГОРИИ НОЯБРЬ 2008
73
-250
355
ЕССЕНТУКИ
197
368
461
СТОЛЕТОВ
9
436
400
ДРУГИЕ
9
1740
846
ULKER
25
612
253
RANI
11
1683
732
РЫБА СУШЕНАЯ
15
2739
644
ПРОЧИЕ
26
1753
1224
МАСЛЕНИЦА
280
3298
277
BLEND-A-MED
85
3478
463
ПРОЧИЕ
86
1770
731
СУХАРИКИ
15
1831
731
ЧИПСЫ
15
1875
731
ОРЕШКИ
15
1924
731
ПРОЧИЕ
15
567
266
BLISS
11
3004
-4
ОСВЕЖИТЕЛИ
34
1647
1293
VERDE
276
3528
146
ИГРУШКИ
34
1695
846
ФРУТТА
25
2039
142
БЕЗ КАТЕГОРИИ ФЕВРАЛЬ 2009
73
613
854
ГОВЯДИНА
32
677
854
БАРАНИНА
32
675
564
РЫБА СВЕЖАЯ
184
537
1073
СЫРЫ
0
390
1187
КИСЛОМОЛОЧНЫЕ
0
1304
20
ФРУКТЫ-ОВОЩИ
33
1247
-23
ФРУКТЫ
171
1319
-24
ОВОЩИ
171
-162
73
SHAFFOF
6
547
350
J-7
11
159
804
КОНДИТЕРСКИЕ
33
95
690
БИСКВИТЫ
176
82
893
ВАФЛИ
176
260
952
ТОРТЫ ВАФЕЛЬНЫЕ
176
365
909
ПРЯНИКИ
176
334
779
ПИРОЖЕНОЕ ТОРТЫ
176
765
731
МЯСНЫЕ
33
773
798
МЯСНАЯ ПРОДУКЦИЯ
182
781
546
РЫБА
33
719
597
РЫБА КОПЧЕНАЯ
184
808
582
РЫБА СОЛЕНАЯ
184
783
501
ИКРА
184
695
526
МОРЕПРОДУКТЫ
184
567
854
ПТИЦА
32
548
801
СУБПРОДУКТЫ
32
748
853
ДЕЛИКАТЕСЫ
183
822
851
СОСИСКИ
183
879
851
КОЛБАСЫ
183
837
542
КРАБОВЫЕ ПАЛОЧКИ
184
677
92
СИГАРЕТЫ
33
66
279
ВОДА
35
-220
399
ГАЗИРОВАННАЯ
196
-180
446
NESTLE
197
-131
424
HYDROLIFE
197
-171
360
БАРАКА
197
238
455
COLA
35
183
492
COCA-COLA
201
256
492
PEPSICO
201
23
472
ЭНЕРГЕТИЧЕСКИЕ
35
1817
469
БУХАНКА
5
1881
468
ПРОЧИЕ
5
-130
866
ЯШКИНО
19
-71
863
ПРОЧЕЕ
19
68
936
ЯШКИНО
178
120
936
ПРОЧИЕ
178
-221
812
ULKER
19
24
938
ULKER
178
31
653
CHOCO-PIE
177
236
1001
ПРОЧИЕ
179
-96
749
ЮБИЛЕЙНОЕ
19
291
1000
ЯШКИНО
179
360
999
КАПРИЗ
179
-19
846
RONDO
19
32
697
ДИВО
177
109
639
SONATA
177
198
969
ДИВО
179
373
959
ПРИЧУДА
179
172
667
ТОРНАДО
177
89
744
ПРОЧИЕ
177
1049
965
МЕД
37
1378
910
LORADO
17
1427
910
KENTON
17
1332
910
DALINA
17
1480
909
ПРОЧЕЕ
17
811
1217
BONDUELE
18
873
1240
LORADO
18
926
1246
БАЛТИМОР
18
803
1174
KIBARO
18
754
1133
ДОБРЫЙ САДОВНИК
18
796
1091
ФРАУ МАРТА
18
1093
1225
ПРОЧИЕ
18
850
1054
GLOBEX
18
1109
1178
CANADA'S GREEN
18
1104
1138
MARINELLE
18
994
1021
MIKADO
18
896
1027
DEKO
18
985
1246
DALINA
18
1034
1242
IBERICA
18
1043
1026
MREPPA
18
940
1022
УРИКЗАР
18
1080
1087
MAESTRO DE OLIVA
18
1259
1078
STELLA MARIS
21
1269
1026
ПРОЧИЕ
21
1343
1110
БАРКО
21
1398
1095
БЕРИНГ
21
1461
1055
JOHN WEST
21
1435
998
РИЖСКИЙ ЗАЛИВ
21
3727
579
ШАМПУНЬ
29
3683
410
КРАСКА
29
3952
676
МУСС
29
4099
566
БАЛЬЗАМ
29
4037
444
ЛАК
29
3621
603
H&S
253
3649
629
W&G
253
3681
645
PANTENE
253
3742
644
PALMOLIVE
253
3802
631
SHAUMA
253
3616
575
PRILL
253
3639
543
HERBAL
253
3908
708
WELLA
255
4054
605
PRILL
256
-170
108
PERRIER
6
2244
600
ПЛОВ
16
2525
527
BARILLA
57
1386
-25
САЛАТЫ
171
1546
-17
ЯЙЦА
33
2938
70
ДЕЗОДОРАНТЫ
34
1370
974
MATIAZ
21
1570
1090
ХЛОПКОВОЕ
4
1805
1091
КУКУРУЗНОЕ
4
1637
1089
ОЛИВКОВОЕ
4
1680
1326
ONA
276
1637
1123
ОЛЕЙНА
276
1709
1124
ОЛЕЙНА
280
1710
1091
ПОДСОЛНЕЧНОЕ
4
1764
1156
IDEAL
280
723
15
МЕГАПОЛИС?
195
3502
89
ОДЕЖДА
34
-24
767
БОНДИ
19
2574
528
ВЕРОЛАГ
57
2528
841
ПРОЧИЕ
25
3912
434
КОНДИЦИОНЕРЫ
29
3982
706
ПРОЧИЕ
255
3114
-131
ADIDAS
34
3720
528
ЛАСКОВАЯ МАМА
253
3817
559
ПРОЧИЕ
253
3686
-103
ЛАМПЫ
295
3829
-15
ПАКЕТЫ
23
3833
-51
СВЕЧИ
23
3668
-50
ЭЛЕКТРОТОВАРЫ
23
3608
-103
SCARLETT
295
3767
-50
КУХНЯ
23
3793
-104
ЭЛЕМЕНТЫ ПИТАНИЯ
295
3740
-103
ПРОЧИЕ
295
3608
-51
ПРОЧЕЕ
23
3798
22
ТРЯПКИ-ГУБКИ
23
3837
58
ЩЕТКИ
23
3828
95
ШВАБРЫ
23
3826
133
МОЧАЛКИ
23
3827
173
ВЕДРА
23
3828
212
ПРИЩЕПКИ
23
3831
248
МЫЛЬНИЦЫ
23
3828
283
ПЕРЧАТКИ
23
3613
-14
ДЕКОР
23
3605
67
СПИЧКИ
23
3589
30
ЗАНАВЕСКИ
23
3600
105
ВЕШАЛКИ
23
3594
144
ПОДВЕСКИ
23
3626
182
ГЛАДИЛЬНЫЕ ДОСКИ
23
3551
-103
ФОНАРИ
295
3532
-275
КОСМЕТИКА
34
1143
-21
СУХОФРУКТЫ
171
1442
-24
ГРИБЫ
171
1030
-21
ЗАМОРОЖЕННЫЕ
171
2927
503
ALFA
94
2961
501
CIF
94
2987
503
FAIRY
94
3028
502
FLORANCE
94
2888
502
VENUS
94
2848
501
КАПЛЯ
94
2794
501
ЗОЛУШКА
94
2793
466
CALGONIT
94
2791
433
SPRY
94
1426
959
DARDANEL
21
3550
596
DOVE
253
3905
367
DOVE
287
3091
503
E
94
2626
528
FILIZ
57
1307
970
FORTUNA
21
3711
688
GLISS KUR
253
1040
211
HIPP
30
2093
662
LTZ
114
2122
661
КУЛИНАР
114
2763
685
LTZ
340
2786
646
СПЕЦИИ
26
2796
687
ПРОЧИЕ
340
168
714
MONT BLANC
177
995
173
NESTLE
30
920
221
NUTRILON
30
1000
269
ПРОЧИЕ
30
3594
655
NIVEA
253
3853
368
PANTENE
287
3950
707
TAFT
255
3940
366
W&G
287
1432
713
ANATA
27
1359
714
ПРОЧИЕ
27
1483
716
КРЕМИКА
27
1535
715
SMSКА
27
1423
652
STICK CENTERFIELD
27
1474
613
БОН ПАРИ
27
1526
571
ULKER
27
-186
850
ANATA
19
2850
687
KENTON
340
1530
909
LALIN
17
1126
1041
LABIMEX
18
664
251
PINAR
11
536
502
ТОНИКИ
9
-164
31
SMILE
6
2448
46
ПИТОМЦЫ
73
4094
606
SCHAUMA
256
4152
606
ПРЕЛЕСТЬ
256
3986
601
GLISS KUR
256
4161
565
ПРОЧИЕ
256
1724
772
КИРИЕШКИ
156
1498
859
РАТИБОР
17
10
889
ПРЕСТИЖ
178
125
904
ПРИЧУДА
178
51
846
СМЕШАРИКИ
178
824
1006
ВЕРЕС
18
-98
386
COURTOIS
197
-301
362
РИКС
197
-19
37
РИКС
6
3736
221
ФИЛЬТР ВОДЫ
23
1579
714
EMBARE
27
-73
-2
EVIAN
6
-140
753
ILVAT
19
364
420
HOOP
9
-199
777
HELLEMA
19
3811
595
FRUCTIS
253
295
677
ХАЛВА
176
261
634
LALIN
385
3651
696
SUNSILK
253
-218
901
WAGON WHEELS
19
486
325
ПРОЧИЕ
11
3354
365
SILICA
85
3226
323
ПРОЧИЕ
85
3404
506
SILICA
86
3610
504
JOHNSON'S
253
1334
798
EKOFOOD
17
1394
798
ДИА ВИТА
17
1453
797
MUHILHAUSER
17
1542
823
BIFRUT
17
332
635
ПРОЧЕЕ
385
2107
766
SPRING
25
3229
278
AQUAFRESH
85
3339
465
COLGATE
86
3349
423
JOHNSON
86
3508
509
OB
86
3460
422
REACH
86
2344
528
ПРОЧЕЕ
57
159
615
ЮБИЛЕЙНЫЙ
177
43
603
MAGDALENAS
177
2175
661
ВИТАЛАЙФ
114
2041
663
ДАЧНЫЙ
114
1989
663
ПРОЧЕЕ
114
3970
366
ELSEVE
287
4013
366
FRUCTIS
287
4062
366
ПРОЧЕЕ
287
1282
844
SCHWARTAU
17
1168
1215
COOPOLIVA
18
3249
-153
ПАРФЮМ
34
4001
558
NIVEA
256
3693
489
NEUTROGENA
253
2995
417
АНТИСТАТИК
22
455
745
БОНЖУР
421
404
728
ЗЕФИР
176
426
681
ПРОЧЕЕ
421
4088
487
КРЕМ
29
4143
466
SCHAUMA
423
351
840
МАРМЕЛАД
176
433
835
LARBEE
425
429
889
HARIBO
425
1279
1140
ШТУРВАЛ
21
-250
743
ЯНТАРЬ
19
498
703
ШАРМЕЛЬ
421
3549
541
ELSEVE
253
108
569
DANISH CAKES
177
-47
634
ЧЕЛОВЕК
177
292
599
КОКАНД
385
1467
1132
HEINZ
21
1375
1166
КАПИТАН
21
297
908
NESTLE
179
201
918
УДИВЛЕНИЕ
179
891
972
MANNARABIRLIK
18
1862
773
ФЛИНТ
156
1904
773
ХРУСТИМ
156
725
249
RICH
11
781
314
ЛЮБИМЫЙ
11
3781
733
МАСКА
29
3796
836
МАСЛО
29
1646
1359
COOPOLIVA
276
1259
804
MIKADO
17
1610
1395
MAESTRO DE OLIVA
276
1643
1427
MILAS
276
1664
1460
ПРОЧЕЕ
276
149
867
РОТ-ФРОНТ
178
-41
692
РОШЕН
177
-271
856
РОШЕН
19
-31
594
SOLO
177
-123
672
РУЛЕТТО
177
486
870
ПРОЧЕЕ
425
1372
749
ПИКАНТА
17
112
1236
КЕФИР-КАТЫК-РЯЖЕНКА
170
120
1407
СМЕТАНА
170
507
1593
КАЙМАК
170
343
1400
СЛИВКИ
170
136
1590
ЙОГУРТ
170
538
1403
ТВОРОГ
170
106
1097
СЫРКИ
170
491
1353
КУРТ
170
55
1638
ЧУДО
462
96
1637
АКТИВИА
462
150
1637
ФРУГУРТ
462
203
1636
ДАНАКОР
462
257
1635
ДАНИССИМО
462
0
1638
DANON
462
-3
1597
EHRMANN
462
-4
1559
FRUTTIS
462
-5
1519
IMMUNELLE
462
64
1519
ПРОЧЕЕ
462
113
1520
БИО
462
143
1520
ACTIMEL
462
191
1520
НЕЖНЫЙ
462
245
1520
РАСТИШКА
462
306
1520
СКЕЛЕТОНЫ
462
329
1635
ЭКСТРА
462
372
1595
ЭРМИГУРТ
462
374
1519
ЭРМИК
462
374
1556
УСЛАДА
462
2382
82
ULKER
73
4028
706
ПРЕЛЕСТЬ
255
-197
320
BAGIATTI
197
372
519
БЖНИ
9
454
542
ГОРЯЧИЙ КЛЮЧ
9
-107
336
НАГУТСКАЯ
197
-280
315
САЯНЫ
197
4141
510
ПРОЧЕЕ
423
115
1136
РЫЖИЙ АП
464
57
1059
ЧУДО
464
54
1136
ВКУСНЯША
464
93
1059
DANONE
464
141
1059
ПРОЧИЕ
464
56
1093
УМКА
464
87
1186
ТОГ
458
116
1186
BIO SUT
458
162
1186
ДОМИК В ДЕРЕВНЕ
458
85
1288
BIO-MAX
458
133
1287
БУРА
458
168
1287
ПРОЧИЕ
458
215
1287
ВОДИЙ
458
-26
1238
ВЕСЕЛЫЙ МОЛОЧНИК
458
31
1289
ASL PLUS
458
76
1362
DANONE
459
125
1362
ТОГ
459
151
1362
BIO SUT
459
38
1361
БУРА
459
36
1407
ВОДИЙ
459
35
1457
СМЕТАНОВНА
459
111
1457
ВЕСЕЛЫЙ МОЛОЧНИК
459
199
1419
ПРОЧЕЕ
459
445
1596
BIO SUT
460
572
1633
ТОГ
460
445
1633
ВОДИЙ
460
489
1634
БУРА
460
523
1633
ПРОЧЕЕ
460
557
1594
ВЕСЕЛЫЙ МОЛОЧНИК
460
272
1449
BIO SUT
461
318
1449
АЙНАЛАЙЫН
461
386
1449
СЛАДКАЯ ТРАПЕЗА
461
532
1352
BIO SUT
463
581
1351
ВЕСЕЛЫЙ МОЛОЧНИК
463
531
1452
СУЗМА
463
574
1451
ТОГ
463
602
1450
ЧУДО
463
640
1449
ПРОЧИЕ
463
1509
-54
КУРИНЫЕ
271
1573
-54
ПЕРЕПЕЛИНЫЕ
271
3045
735
СТАНКИ
28
3099
734
КАССЕТЫ
28
3158
734
КОСМЕТИКА
28
3149
772
ПЕНА
535
3189
772
ЛОСЬОН
535
3241
771
ГЕЛЬ
535
3193
504
ДО БРИТЬЯ
28
3234
550
ВО ВРЕМЯ БРИТЬЯ
28
3273
598
ПОСЛЕ БРИТЬЯ
28
3311
647
ВМЕСТО БРИТЬЯ
28
3345
696
ПРОТИВ БРИТЬЯ
28
3275
773
БАЛЬЗАМ
535
3243
730
КРЕМ
535
2994
736
ПРОЧЕЕ
28
3128
-578
PAMPERS
3
3190
-577
LIBERO
3
3235
-577
BABYDIAPERS
3
3314
-578
PAPY
3
3302
-521
SUPER SENI
3
3096
-535
NIX BABY
3
3108
-486
BELLA BABY
3
3293
-473
ADULTS
3
3191
-427
TENA SLIP
3
3249
-436
ПРОЧЕЕ
3
2826
-636
ALWAYS
14
2878
-637
BELLA
14
2917
-637
CAREFREE
14
2978
-637
FREE STYLE
14
3046
-638
LIBRESSE
14
2797
-600
MAXI
14
2832
-559
OB
14
3026
-582
SATIN CARE
14
3001
-531
КАЛИНА
14
2850
-511
ПРОЧЕЕ
14
2554
-507
ACCORD
8
2608
-532
BELLA
8
2662
-532
FANTASY
8
2730
-522
JOHNSON'S
8
2776
-474
LAKTIMILK
8
2779
-416
LIBERO
8
2771
-369
NILPAK
8
2512
-460
ZEWA
8
2994
-308
ВАТА
595
2524
-371
FRESH 'N SOFT
8
2576
-334
ПРОЧЕЕ
8
2629
-313
PAPIRUS
8
2684
-314
ДЕЛЬФИН
8
2451
-502
NEW REFILL
8
2443
-369
ЖАСМИН
8
2426
-426
SELEN
8
2493
-548
ACTIV
8
2568
-563
PAPPY
8
2621
-576
FREE STYLE
8
2711
-568
GALA
8
2519
-583
SOLO
8
2483
-315
WAVE NILSO
8
2541
-260
GOLDEN ROZA
8
2673
-257
SOFIA
8
2399
-318
BERRAK
8
2367
-382
КОМФОРТ
8
2372
-464
NISO
8
2418
-265
SPIDERMAN
8
2788
-303
БУМАЖНО-ВАТНЫЕ
34
2779
-123
ТУАЛЕТНАЯ БУМАГА
595
3047
-356
BELLA
575
3051
-314
PERSONAL
575
3046
-280
ПРОЧЕЕ
575
2718
-82
GALA
596
2764
-82
PAPIRUS
596
2818
-82
POLO
596
2858
-82
SELEN
596
2902
-83
ZEWA
596
2715
-123
JASMIN
596
2715
-164
ILPEK
596
2757
-166
NILPAK
596
2843
-165
REGINA
596
2896
-166
SOFIA
596
2890
-124
ПЕРЫШКО
596
2406
-551
POLO
8
2363
-505
ILPEK
8
2290
-424
KOKETT
8
2298
-332
OH..SEXY
8
2327
-276
SPED
8
3519
-590
КРЕМ
316
3576
-361
ЛОСЬОН
316
3655
-361
МАСЛО
316
3399
-361
СКРАБ
316
3720
-364
ПРИСЫПКА
316
3792
-364
ГЕЛЬ-МАСКА
316
3852
-308
ГЕЛЬ
316
3685
-252
СНЯТИЕ ЛАКА
316
3407
-285
ПЕНКА
316
3597
-212
НАБОР
316
3438
-229
СПРЕЙ
316
3516
-187
АМПУЛЫ
316
3364
-325
БАЛЬЗАМ
316
3652
-212
ВОДА
316
3863
-349
ГЕЛЬ-КРЕМ
316
3822
-271
ГЕЛЬ-ТОНИК
316
3779
-220
ГЕЛЬ-АППЛИКАТОР
316
3723
-182
ГЕЛЬ-АНТИПЕРСПИРАНТ
316
3890
-235
ГЕЛЬ-МАСЛО
316
3899
-295
ГЕЛЬ-ПЕНА
316
3919
-333
ГЕЛЬ-СКРАБ
316
3863
-390
ГЛИНА
316
3738
-415
СОЛЬ ДЛЯ ВАНН
316
3521
-401
ПРОЧЕЕ
316
3436
-395
МАСКА
316
3609
-397
МОЛОЧКО
316
3687
-415
МУСС
316
3564
-435
САЛФЕТКИ
316
3827
-427
ПЕНА ДЛЯ ВАНН
316
3639
-446
ПОМАДА
316
2822
72
ADIDAS
272
3179
828
ADIDAS
537
3379
616
ДЛЯ БРИТЬЯ
28
3431
669
ОТ БРИТЬЯ
28
3313
-175
ADIDAS
416
3345
-374
ADIDAS
619
3488
-661
ADIDAS
616
3297
826
ADIDAS
544
2421
290
ЖИДКОЕ
92
2331
266
ADIDAS
654
2640
119
БРУСОК
92
2564
87
CAMAY
656
2611
62
DOVE
656
2650
61
DURU
656
2342
223
FA
654
2690
60
JOHNSON'S
656
2331
302
NIVEA
654
2341
340
PROTEX
654
2737
98
ROYAL LATHER
656
2738
140
SAFEGUARD
656
2397
340
КРАСНАЯ ЛИНИЯ
654
2352
183
ПРОЧЕЕ
654
2497
328
JOHNSON'S
654
2399
161
ЛАСКОВАЯ МАМА
654
2492
159
PALMOLIVE
654
2540
198
ПРОЧЕЕ
654
2734
174
PALMOLIVE
656
2559
129
PROTEX
656
2581
170
ХОЗ.
656
2740
218
ABSOLUT
656
2743
250
HACI
656
2609
212
FAX
656
2541
246
SENSO
654
2561
304
FRUIT ESSEN
654
2259
206
LEVENT NIX
654
2805
213
NIVEA
656
2814
169
ПРОЧЕЕ
656
2878
237
ПРОЧЕЕ
92
3551
-649
ПРОЧЕЕ
616
3432
-637
DOVE
616
3421
-603
NIVEA
616
3436
-566
NEUTROGENA
616
3450
-522
MARKON
616
3564
-527
БОРО
616
3606
-555
КРАСНАЯ ЛИНИЯ
616
3601
-621
EVELINE
616
3532
-691
JOHNSON'S
616
3602
-588
НЕЖНЫЙ ВЕЛЮР
616
3381
-692
ДОМАШНИЕ РЕЦЕПТЫ
616
3616
-668
FLORENA
616
3601
-715
АНТОШКА
616
3477
-733
HOLIDAY
616
3559
-757
КОЖА КАК ШЕЛК
616
3366
-754
ШЕЛКОВАЯ КОЖА
616
2967
-493
discreet
14
2241
288
AQUOLINA
654
3795
488
AQUOLINA
253
3700
-633
КАЛИНА
616
3738
-469
ТОНИК
316
3562
704
КАЛИНА
253
2219
248
КАЛИНА
654
2870
112
КАЛИНА
272
3241
236
КАЛИНА
85
3353
-252
КАРАНДАШИ И ТЕНИ
316
